# Dimensions(m,n)
param m := 1000;
param n := 4;

param nu := 0.5;

# y and A
param y :=
1 1
2 -1
3 1
4 1
5 -1
6 1
7 -1
8 1
9 1
10 1
11 1
12 1
13 -1
14 -1
15 -1
16 1
17 1
18 1
19 1
20 1
21 1
22 -1
23 1
24 -1
25 1
26 1
27 1
28 1
29 -1
30 -1
31 -1
32 -1
33 -1
34 -1
35 1
36 1
37 1
38 -1
39 -1
40 -1
41 -1
42 1
43 1
44 -1
45 -1
46 1
47 1
48 -1
49 1
50 -1
51 1
52 1
53 -1
54 -1
55 -1
56 -1
57 -1
58 1
59 -1
60 -1
61 1
62 1
63 -1
64 1
65 1
66 -1
67 1
68 -1
69 -1
70 1
71 -1
72 1
73 1
74 -1
75 1
76 1
77 -1
78 -1
79 -1
80 1
81 1
82 -1
83 1
84 1
85 -1
86 -1
87 -1
88 1
89 -1
90 1
91 -1
92 1
93 1
94 -1
95 -1
96 1
97 1
98 1
99 1
100 -1
101 -1
102 -1
103 1
104 1
105 -1
106 -1
107 1
108 -1
109 1
110 1
111 1
112 -1
113 1
114 1
115 1
116 -1
117 1
118 -1
119 1
120 1
121 1
122 -1
123 1
124 1
125 -1
126 1
127 1
128 -1
129 -1
130 -1
131 -1
132 -1
133 -1
134 1
135 1
136 1
137 -1
138 -1
139 -1
140 1
141 1
142 1
143 1
144 1
145 1
146 1
147 1
148 1
149 -1
150 -1
151 -1
152 -1
153 1
154 1
155 1
156 -1
157 -1
158 1
159 -1
160 -1
161 -1
162 -1
163 1
164 -1
165 1
166 -1
167 -1
168 1
169 1
170 -1
171 1
172 1
173 -1
174 1
175 1
176 1
177 1
178 -1
179 1
180 1
181 1
182 1
183 -1
184 1
185 1
186 -1
187 -1
188 -1
189 -1
190 1
191 1
192 1
193 1
194 1
195 1
196 -1
197 -1
198 -1
199 1
200 -1
201 1
202 1
203 1
204 -1
205 1
206 1
207 1
208 1
209 1
210 1
211 1
212 1
213 -1
214 1
215 -1
216 -1
217 1
218 1
219 -1
220 1
221 -1
222 -1
223 -1
224 -1
225 -1
226 1
227 -1
228 -1
229 -1
230 -1
231 1
232 1
233 1
234 -1
235 1
236 -1
237 1
238 1
239 1
240 -1
241 -1
242 1
243 1
244 -1
245 -1
246 1
247 1
248 1
249 -1
250 -1
251 1
252 -1
253 1
254 1
255 1
256 -1
257 -1
258 -1
259 1
260 1
261 -1
262 -1
263 -1
264 1
265 -1
266 1
267 1
268 1
269 1
270 1
271 -1
272 1
273 1
274 -1
275 1
276 -1
277 -1
278 -1
279 -1
280 -1
281 -1
282 1
283 -1
284 -1
285 1
286 1
287 -1
288 1
289 1
290 1
291 -1
292 -1
293 1
294 -1
295 1
296 1
297 -1
298 1
299 1
300 1
301 -1
302 1
303 -1
304 -1
305 -1
306 -1
307 1
308 1
309 1
310 -1
311 -1
312 1
313 1
314 1
315 1
316 1
317 1
318 -1
319 -1
320 1
321 1
322 -1
323 -1
324 -1
325 1
326 -1
327 1
328 1
329 1
330 -1
331 1
332 1
333 -1
334 -1
335 -1
336 1
337 1
338 -1
339 -1
340 -1
341 1
342 -1
343 1
344 -1
345 1
346 1
347 1
348 1
349 -1
350 -1
351 1
352 -1
353 -1
354 1
355 -1
356 -1
357 -1
358 1
359 1
360 -1
361 -1
362 -1
363 -1
364 -1
365 -1
366 -1
367 -1
368 1
369 -1
370 -1
371 -1
372 1
373 -1
374 1
375 1
376 1
377 -1
378 1
379 -1
380 -1
381 -1
382 -1
383 1
384 1
385 -1
386 -1
387 -1
388 1
389 -1
390 1
391 -1
392 -1
393 1
394 1
395 -1
396 -1
397 1
398 -1
399 1
400 -1
401 -1
402 1
403 1
404 1
405 -1
406 1
407 -1
408 1
409 -1
410 1
411 -1
412 -1
413 -1
414 1
415 1
416 -1
417 1
418 -1
419 -1
420 1
421 -1
422 1
423 -1
424 1
425 1
426 -1
427 1
428 -1
429 1
430 1
431 1
432 -1
433 1
434 -1
435 -1
436 1
437 -1
438 -1
439 1
440 1
441 -1
442 -1
443 1
444 -1
445 1
446 1
447 1
448 -1
449 -1
450 -1
451 1
452 1
453 1
454 1
455 -1
456 -1
457 -1
458 -1
459 -1
460 1
461 -1
462 1
463 1
464 -1
465 1
466 1
467 -1
468 1
469 1
470 1
471 1
472 -1
473 1
474 1
475 1
476 1
477 1
478 -1
479 -1
480 -1
481 1
482 1
483 1
484 -1
485 1
486 -1
487 1
488 -1
489 -1
490 1
491 -1
492 1
493 1
494 -1
495 1
496 1
497 -1
498 1
499 1
500 1
501 1
502 1
503 -1
504 -1
505 -1
506 -1
507 -1
508 1
509 -1
510 1
511 1
512 -1
513 -1
514 -1
515 -1
516 1
517 -1
518 -1
519 1
520 -1
521 -1
522 -1
523 -1
524 1
525 1
526 -1
527 -1
528 1
529 1
530 1
531 -1
532 1
533 -1
534 -1
535 -1
536 1
537 -1
538 1
539 -1
540 -1
541 -1
542 1
543 1
544 1
545 -1
546 -1
547 1
548 -1
549 -1
550 -1
551 1
552 -1
553 1
554 1
555 -1
556 -1
557 1
558 1
559 -1
560 -1
561 -1
562 -1
563 1
564 1
565 1
566 1
567 -1
568 -1
569 1
570 1
571 1
572 -1
573 -1
574 -1
575 -1
576 1
577 1
578 1
579 -1
580 1
581 1
582 -1
583 -1
584 -1
585 1
586 -1
587 -1
588 1
589 1
590 -1
591 1
592 -1
593 1
594 -1
595 -1
596 -1
597 1
598 -1
599 -1
600 -1
601 -1
602 -1
603 -1
604 1
605 1
606 -1
607 1
608 1
609 -1
610 -1
611 -1
612 1
613 1
614 -1
615 1
616 -1
617 -1
618 -1
619 1
620 -1
621 1
622 -1
623 -1
624 -1
625 1
626 1
627 -1
628 -1
629 -1
630 1
631 -1
632 -1
633 1
634 -1
635 1
636 1
637 1
638 1
639 -1
640 1
641 -1
642 1
643 -1
644 -1
645 -1
646 1
647 -1
648 -1
649 -1
650 1
651 -1
652 -1
653 -1
654 1
655 -1
656 -1
657 1
658 -1
659 -1
660 1
661 -1
662 1
663 1
664 -1
665 1
666 1
667 1
668 1
669 1
670 1
671 -1
672 -1
673 -1
674 1
675 1
676 -1
677 1
678 -1
679 -1
680 -1
681 1
682 -1
683 -1
684 -1
685 1
686 1
687 -1
688 -1
689 -1
690 -1
691 -1
692 1
693 1
694 -1
695 1
696 -1
697 1
698 1
699 -1
700 -1
701 1
702 -1
703 1
704 -1
705 -1
706 1
707 1
708 1
709 -1
710 1
711 -1
712 -1
713 1
714 1
715 -1
716 -1
717 1
718 -1
719 1
720 -1
721 1
722 -1
723 -1
724 1
725 -1
726 -1
727 -1
728 -1
729 -1
730 1
731 1
732 -1
733 -1
734 -1
735 -1
736 -1
737 1
738 -1
739 -1
740 1
741 -1
742 -1
743 1
744 -1
745 -1
746 1
747 -1
748 -1
749 1
750 -1
751 -1
752 -1
753 -1
754 1
755 1
756 -1
757 1
758 1
759 1
760 -1
761 1
762 -1
763 -1
764 -1
765 -1
766 -1
767 1
768 1
769 1
770 -1
771 1
772 -1
773 1
774 1
775 -1
776 -1
777 -1
778 -1
779 -1
780 1
781 1
782 -1
783 -1
784 -1
785 1
786 1
787 1
788 1
789 1
790 -1
791 1
792 1
793 1
794 1
795 -1
796 1
797 -1
798 1
799 1
800 -1
801 -1
802 1
803 -1
804 1
805 1
806 1
807 -1
808 -1
809 -1
810 1
811 1
812 -1
813 -1
814 1
815 -1
816 1
817 -1
818 1
819 1
820 1
821 1
822 1
823 -1
824 1
825 1
826 1
827 -1
828 1
829 1
830 1
831 1
832 1
833 -1
834 -1
835 1
836 1
837 -1
838 1
839 -1
840 -1
841 1
842 1
843 1
844 1
845 -1
846 1
847 -1
848 -1
849 -1
850 1
851 -1
852 -1
853 -1
854 1
855 -1
856 1
857 -1
858 -1
859 -1
860 -1
861 1
862 -1
863 1
864 -1
865 -1
866 1
867 -1
868 1
869 -1
870 -1
871 1
872 1
873 1
874 -1
875 1
876 1
877 1
878 -1
879 -1
880 1
881 -1
882 -1
883 1
884 1
885 1
886 1
887 1
888 1
889 1
890 -1
891 -1
892 -1
893 -1
894 1
895 1
896 -1
897 1
898 -1
899 -1
900 1
901 1
902 -1
903 -1
904 1
905 1
906 1
907 -1
908 -1
909 1
910 -1
911 -1
912 1
913 1
914 1
915 1
916 -1
917 1
918 -1
919 1
920 1
921 1
922 -1
923 1
924 -1
925 -1
926 1
927 -1
928 -1
929 1
930 -1
931 -1
932 -1
933 -1
934 1
935 1
936 1
937 -1
938 -1
939 1
940 1
941 1
942 -1
943 1
944 1
945 1
946 1
947 1
948 1
949 1
950 -1
951 -1
952 -1
953 -1
954 -1
955 1
956 -1
957 -1
958 1
959 -1
960 1
961 1
962 -1
963 -1
964 1
965 1
966 -1
967 -1
968 1
969 1
970 -1
971 1
972 -1
973 1
974 -1
975 1
976 -1
977 -1
978 -1
979 1
980 1
981 1
982 1
983 -1
984 1
985 -1
986 -1
987 1
988 -1
989 1
990 1
991 -1
992 -1
993 -1
994 -1
995 1
996 1
997 1
998 -1
999 1
1000 1
;

param A: 1 2 3 4 :=
1 0.607 0.655 0.182 0.749
2 0.605 0.67 0.003 0.327
3 0.538 0.533 0.459 0.691
4 0.622 0.499 0.558 0.465
5 0.556 0.71 0.893 0.558
6 0.806 0.641 0.741 0.813
7 0.354 0.42 0.299 0.537
8 0.737 0.142 0.839 0.74
9 0.871 0.279 0.002 0.331
10 0.295 0.953 0.469 0.852
11 0.242 0.408 0.128 0.135
12 0.113 0.941 0.608 0.854
13 0.252 0.209 0.175 0.551
14 0.344 0.289 0.887 0.183
15 0.357 0.055 0.307 0.359
16 0.277 0.653 0.338 0.745
17 0.756 0.987 0.914 0.883
18 0.88 0.996 0.063 0.488
19 0.818 0.74 0.059 0.992
20 0.805 0.336 0.58 0.692
21 0.608 0.049 0.574 0.915
22 0.959 0.192 0.061 0.297
23 0.567 0.053 0.924 0.481
24 0.047 0.361 0.933 0.11
25 0.783 0.928 0.589 0.842
26 0.88 0.647 0.256 0.46
27 0.775 0.068 0.388 0.349
28 0.795 0.308 0.175 0.856
29 0.113 0.422 0.659 0.037
30 0.595 0.084 0.264 0.528
31 0.113 0.311 0.121 0.702
32 0.041 0.582 0.801 0.297
33 0.14 0.073 0.109 0.527
34 0.093 0.322 0.73 0.268
35 0.336 0.381 0.6 0.995
36 0.503 0.59 0.502 0.767
37 0.695 0.88 0.429 0.816
38 0.582 0.858 0.163 0.383
39 0.204 0.523 0.228 0.314
40 0.65 0.406 0.372 0.38
41 0.55 0.716 0.056 0.15
42 0.473 0.653 0.3 0.975
43 0.418 0.67 0.299 0.846
44 0.881 0.429 0.344 0.044
45 0.499 0.248 0.334 0.727
46 0.384 0.377 0.968 0.756
47 0.643 0.306 0.472 0.698
48 0.182 0.172 0.108 0.482
49 0.527 0.9 0.817 0.827
50 0.303 0.707 0.175 0.648
51 0.987 0.147 0.999 0.321
52 0.56 0.705 0.251 0.528
53 0.007 0.171 0.767 0.479
54 0.222 0.662 0.041 0.33
55 0.188 0.857 0.044 0.005
56 0.791 0.308 0.391 0.966
57 0.141 0.953 0.103 0.14
58 0.977 0.7 0.979 0.228
59 0.44 0.235 0.4 0.207
60 0.269 0.429 0.376 0.31
61 0.52 0.498 0.615 0.564
62 0.299 0.355 0.811 0.69
63 0.767 0.831 0.274 0.87
64 0.548 0.847 0.671 0.528
65 0.9 0.968 0.309 0.3
66 0.023 0.569 0.604 0.399
67 0.362 0.919 0.378 0.978
68 0.881 0.277 0.838 0.693
69 0.159 0.46 0.797 0.434
70 0.768 0.982 0.176 0.44
71 0.25 0.34 0.478 0.559
72 0.653 0.583 0.209 0.257
73 0.089 0.619 0.901 0.467
74 0.385 0.348 0.874 0.223
75 0.84 0.383 0.5 0.638
76 0.83 0.406 0.798 0.006
77 0.308 0.257 0.186 0.786
78 0.825 0.439 0.399 0.035
79 0.381 0.123 0.316 0.282
80 0.913 0.667 0.938 0.787
81 0.979 0.627 0.274 0.479
82 0.09 0.31 0.671 0.888
83 0.517 0.196 0.573 0.703
84 0.389 0.528 0.422 0.788
85 0.118 0.169 0.686 0.434
86 0.276 0.347 0.119 0.214
87 0.01 0.193 0.761 0.283
88 0.026 0.373 0.982 0.697
89 0.298 0.214 0.457 0.871
90 0.439 0.26 0.445 0.861
91 0.008 0.979 0.216 0.694
92 0.668 0.971 0.759 0.787
93 0.893 0.796 0.379 0.654
94 0.051 0.679 0.452 0.034
95 0.713 0.332 0.591 0.17
96 0.508 0.609 0.463 0.953
97 0.51 0.961 0.449 0.727
98 0.861 0.395 0.627 0.621
99 0.812 0.513 0.978 0.191
100 0.057 0.242 0.847 0.509
101 0.223 0.222 0.607 0.814
102 0.81 0.322 0.002 0.273
103 0.472 0.783 0.236 0.921
104 0.892 0.782 0.905 0.518
105 0.086 0.33 0.916 0.063
106 0.084 0.12 0.763 0.93
107 0.038 0.153 0.852 0.646
108 0.244 0.456 0.289 0.246
109 0.563 0.718 0.512 0.799
110 0.022 0.691 0.421 0.927
111 0.824 0.013 0.54 0.74
112 0.061 0.824 0.197 0.824
113 0.826 0.862 0.908 0.678
114 0.875 0.922 0.964 0.163
115 0.693 0.727 0.885 0.206
116 0.524 0.228 0.217 0.945
117 0.427 0.769 0.168 0.967
118 0.245 0.027 0.333 0.442
119 0.087 0.268 0.713 0.995
120 0.221 0.869 0.868 0.185
121 0.035 0.878 0.76 0.92
122 0.285 0.444 0.312 0.503
123 0.467 0.929 0.157 0.636
124 0.666 0.88 0.923 0.999
125 0.774 0.086 0.59 0.487
126 0.536 0.708 0.95 0.404
127 0.983 0.439 0.771 0.742
128 0.855 0.028 0.802 0.167
129 0.19 0.634 0.46 0.347
130 0.355 0.013 0.15 0.279
131 0.472 0.053 0.097 0.063
132 0.178 0.599 0.248 0.127
133 0.141 0.11 0.442 0.913
134 0.8 0.768 0.881 0.602
135 0.411 0.793 0.569 0.87
136 0.838 0.226 0.153 0.989
137 0.164 0.461 0.557 0.261
138 0.098 0.438 0.123 0.346
139 0.126 0.487 0.676 0.567
140 0.529 0.367 0.168 0.409
141 0.102 0.82 0.762 0.671
142 0.902 0.51 0.917 0.055
143 0.421 0.219 0.959 0.978
144 0.483 0.076 0.918 0.606
145 0.484 0.731 0.909 0.16
146 0.31 0.689 0.666 0.477
147 0.635 0.58 0.918 0.398
148 0.609 0.3 0.761 0.525
149 0.259 0.946 0.573 0.218
150 0.053 0.701 0.001 0.971
151 0.423 0.454 0.038 0.332
152 0.337 0.642 0.303 0.002
153 0.401 0.638 0.699 0.319
154 0.95 0.928 0.336 0.711
155 0.691 0.97 0.4 0.264
156 0.325 0.317 0.889 0.326
157 0.196 0.748 0.742 0.234
158 0.357 0.57 0.723 0.659
159 0.843 0.06 0.21 0.542
160 0.246 0.492 0.307 0.582
161 0.761 0.273 0.174 0.16
162 0.362 0.485 0.854 0.251
163 0.142 0.446 0.559 0.884
164 0.64 0.24 0.25 0.363
165 0.822 0.205 0.96 0.033
166 0.339 0.279 0.24 0.647
167 0.443 0.407 0.134 0.617
168 0.67 0.979 0.053 0.524
169 0.863 0.666 0.675 0.422
170 0.355 0.062 0.79 0.605
171 0.69 0.427 0.63 0.65
172 0.377 0.99 0.739 0.617
173 0.6 0.06 0.044 0.734
174 0.611 0.404 0.656 0.664
175 0.885 0.527 0.595 0.56
176 0.144 0.916 0.01 0.934
177 0.435 0.624 0.948 0.065
178 0.408 0.442 0.264 0.148
179 0.9 0.748 0.12 0.944
180 0.797 0.555 0.886 0.453
181 0.815 0.338 0.746 0.41
182 0.695 0.554 0.813 0.705
183 0.334 0.14 0.113 0.282
184 0.387 0.691 0.648 0.651
185 0.707 0.552 0.586 0.827
186 0.068 0.624 0.051 0.954
187 0.27 0.77 0.414 0.016
188 0.312 0.711 0.733 0.126
189 0.222 0.46 0.556 0.335
190 0.761 0.722 0.432 0.409
191 0.271 0.116 0.925 0.857
192 0.421 0.925 0.568 0.472
193 0.644 0.742 0.649 0.059
194 0.828 0.371 0.469 0.561
195 0.885 0.783 0.956 0.441
196 0.698 0.202 0.84 0.13
197 0.214 0.4 0.728 0.139
198 0.672 0.56 0.182 0.239
199 0.061 0.884 0.774 0.71
200 0.532 0.538 0.313 0.001
201 0.809 0.886 0.882 0.765
202 1 0.463 0.529 0.84
203 0.141 0.054 0.993 0.869
204 0.25 0.541 0.753 0.431
205 0.785 0.492 0.664 0.559
206 0.606 0.091 0.739 0.92
207 0.838 0.729 0.978 0.72
208 0.304 0.72 0.957 0.834
209 0.55 0.975 0.614 0.542
210 0.807 0.792 0.385 0.56
211 0.165 0.345 0.716 0.829
212 0.918 0.435 0.994 0.658
213 0.086 0.496 0.084 0.063
214 0.578 0.368 0.936 0.535
215 0.496 0.085 0.176 0.11
216 0.02 0.917 0.42 0.405
217 0.643 0.57 0.822 0.359
218 0.725 0.277 0.835 0.719
219 0.19 0.804 0.431 0.274
220 0.647 0.852 0.235 0.583
221 0.436 0.079 0.473 0.613
222 0.1 0.633 0.106 0.52
223 0.583 0.163 0.609 0.404
224 0.008 0.129 0.8 0.843
225 0.735 0.033 0.652 0.165
226 0.52 0.812 0.159 0.754
227 0.547 0.191 0.473 0.019
228 0.662 0.119 0.437 0.768
229 0.475 0.351 0.802 0.084
230 0.324 0.092 0.884 0.124
231 0.732 0.859 0.968 0.385
232 0.275 0.904 0.836 0.434
233 0.23 0.981 0.849 0.704
234 0.653 0.366 0.12 0.089
235 0.759 0.564 0.485 0.561
236 0.24 0.885 0.74 0.125
237 0.675 0.857 0.868 0.644
238 0.891 0.918 0.146 0.727
239 0.805 0.958 0.333 0.654
240 0.333 0.307 0.027 0.453
241 0.162 0.211 0.961 0.647
242 0.609 0.887 0.657 0.349
243 0.666 0.025 0.869 0.533
244 0.111 0.425 0.586 0.257
245 0.939 0.062 0.11 0.272
246 0.771 0.605 0.023 0.798
247 0.42 0.96 0.269 0.38
248 0.04 0.989 0.494 0.697
249 0.506 0.363 0.363 0.375
250 0.031 0.486 0.322 0.617
251 0.474 0.556 0.805 0.583
252 0.521 0.354 0.432 0.545
253 0.49 0.964 0.113 0.758
254 0.719 0.799 0.334 0.213
255 0.672 0.719 0.86 0.034
256 0.756 0.065 0.579 0.078
257 0.322 0.551 0.239 0.127
258 0.066 0.648 0.489 0.499
259 0.641 0.989 0.157 0.754
260 0.502 0.473 0.546 0.835
261 0.042 0.507 0.405 0.902
262 0.499 0.658 0.607 0.078
263 0.289 0.4 0.287 0.528
264 0.422 0.594 0.175 0.911
265 0.368 0.552 0.082 0.525
266 0.829 0.027 0.779 0.374
267 0.465 0.416 0.369 0.87
268 0.91 0.369 0.976 0.517
269 0.712 0.806 0.848 0.999
270 0.375 0.421 0.928 0.551
271 0.021 0.919 0.883 0.103
272 0.189 0.931 0.471 0.967
273 0.333 0.432 0.722 0.701
274 0.04 0.611 0.672 0.016
275 0.119 0.728 0.934 0.967
276 0.267 0.342 0.149 0.195
277 0.481 0.216 0.812 0.364
278 0.256 0.553 0.25 0.726
279 0.556 0.059 0.953 0.278
280 0.256 0.318 0.371 0.928
281 0.499 0.047 0.063 0.433
282 0.79 0.7 0.357 0.939
283 0.25 0.42 0.111 0.061
284 0.43 0.317 0.337 0.679
285 0.857 0.235 0.102 0.81
286 0.863 0.065 0.831 0.234
287 0.166 0.733 0.04 0.229
288 0.054 0.019 0.867 0.411
289 0.762 0.661 0.378 0.873
290 0.162 0.302 0.039 0.499
291 0.083 0.356 0.217 0.185
292 0.73 0.048 0.231 0.561
293 0.224 0.727 0.015 0.264
294 0.181 0.318 0.975 0.048
295 0.934 0.81 0.39 0.312
296 0.112 0.474 0.984 0.152
297 0.966 0.234 0.33 0.183
298 0.496 0.913 0.467 0.727
299 0.749 0.952 0.201 0.764
300 0.157 0.945 0.534 0.132
301 0.264 0.066 0.803 0.654
302 0.485 0.766 0.852 0.469
303 0.826 0.436 0.152 0.155
304 0.571 0.651 0.531 0.039
305 0.005 0.787 0.33 0.206
306 0.546 0.363 0.497 0.08
307 0.49 0.344 0.56 0.292
308 0.938 0.777 0.764 0.79
309 0.682 0.616 0.682 0.833
310 0.301 0.405 0.422 0.832
311 0.801 0.837 0.231 0.131
312 0.782 0.677 0.406 0.279
313 0.901 0.768 0.101 0.461
314 0.099 0.399 0.838 0.863
315 0.085 0.545 0.804 0.768
316 0.576 0.069 0.783 0.998
317 0.226 0.798 0.738 0.457
318 0.781 0.239 0.606 0.188
319 0.363 0.088 0.286 0.464
320 0.347 0.563 0.948 0.185
321 0.137 0.271 0.97 0.941
322 0.349 0.517 0.107 0.131
323 0.008 0.358 0.313 0.746
324 0.242 0.527 0.054 0.848
325 0.571 0.211 0.803 0.857
326 0.352 0.204 0.238 0.3
327 0.664 0.437 0.66 0.634
328 0.699 0.983 0.895 0.806
329 0.409 0.813 0.472 0.722
330 0.287 0.965 0.087 0.34
331 0.802 0.912 0.024 0.605
332 0.699 0.957 0.974 0.937
333 0.363 0.601 0.694 0.024
334 0.072 0.722 0.218 0.967
335 0.333 0.376 0.341 0.805
336 0.9 0.091 0.063 0.987
337 0.876 0.789 0.344 0.9
338 0.113 0.599 0.35 0.086
339 0.607 0.45 0.138 0.301
340 0.373 0.373 0.196 0.591
341 0.724 0.924 0.717 0.065
342 0.815 0.965 0.82 0.878
343 0.252 0.755 0.741 0.596
344 0.134 0.709 0.254 0.485
345 0.791 0.092 0.245 0.928
346 0.719 0.301 0.767 0.914
347 0.107 0.638 0.817 0.824
348 0.546 0.639 0.668 0.366
349 0.621 0.619 0.272 0.362
350 0.927 0.496 0.923 0.181
351 0.718 0.972 0.073 0.963
352 0.467 0.682 0.202 0.234
353 0.095 0.342 0.235 0.912
354 0.938 0.458 0.805 0.606
355 0.323 0.227 0.443 0.595
356 0.657 0.522 0.085 0.58
357 0.066 0.299 0.675 0.139
358 0.576 0.606 0.944 0.778
359 0.541 0.872 0.182 0.776
360 0.348 0.713 0.242 0.153
361 0.066 0.476 0.546 0.508
362 0.135 0.165 0.592 0.219
363 0.296 0.285 0.044 0.971
364 0.307 0.547 0.031 0.251
365 0.872 0.792 0.197 0.054
366 0.981 0.403 0.281 0.223
367 0.6 0.289 0.031 0.146
368 0.102 0.281 0.963 0.694
369 0.708 0.99 0.785 0.753
370 0.21 0.06 0.507 0.241
371 0.832 0.113 0.102 0.029
372 0.67 0.01 0.57 0.951
373 0.126 0.551 0.521 0.157
374 0.318 0.259 0.977 0.281
375 0.477 0.989 0.942 0.262
376 0.903 0.473 0.801 0.41
377 0.112 0.242 0.827 0.214
378 0.995 0.884 0.28 0.565
379 0.513 0.691 0.386 0.034
380 0.082 0.352 0.107 0.059
381 0.059 0.536 0.622 0.002
382 0.364 0.904 0.271 0.165
383 0.985 0.277 0.556 0.813
384 0.827 0.808 0.376 0.107
385 0.211 0.62 0.064 0.596
386 0.912 0.678 0.006 0.018
387 0.639 0.077 0.273 0.26
388 0.072 0.624 0.983 0.343
389 0.298 0.329 0.066 0.854
390 0.557 0.681 0.949 0.932
391 0.321 0.143 0.409 0.385
392 0.063 0.297 0.417 0.069
393 0.154 0.707 0.392 0.428
394 0.471 0.5 0.591 0.455
395 0.38 0.753 0.171 0.446
396 0.313 0.003 0.288 0.261
397 0.077 0.583 0.078 0.486
398 0.817 0.549 0.265 0.234
399 0.58 0.388 0.325 0.972
400 0.293 0.444 0.315 0.884
401 0.158 0.264 0.651 0.33
402 0.258 0.642 0.712 0.546
403 0.647 0.624 0.487 0.725
404 0.455 0.542 0.659 0.719
405 0.277 0.299 0.164 0.602
406 0.979 0.894 0.714 0.295
407 0.613 0.453 0.042 0.264
408 0.752 0.522 0.425 0.464
409 0.328 0.111 0.692 0.815
410 0.802 0.27 0.378 0.461
411 0.154 0.738 0.288 0.318
412 0.558 0.297 0.234 0.273
413 0.012 0.886 0.045 0.055
414 0.827 0.807 0.671 0.252
415 0.739 0.58 0.382 0.43
416 0.219 0.232 0.665 0.597
417 0.654 0.751 0.43 0.941
418 0.77 0.5 0.366 0.003
419 0.958 0.016 0.658 0.003
420 0.807 0.83 0.877 0.478
421 0.148 0.217 0.663 0.53
422 0.058 0.748 0.879 0.723
423 0.571 0.377 0.097 0.001
424 0.166 0.771 0.818 0.532
425 0.59 0.491 0.79 0.248
426 0.86 0.055 0.324 0.737
427 0.406 0.885 0.75 0.069
428 0.397 0.127 0.163 0.276
429 0.508 0.847 0.227 0.605
430 0.545 0.771 0.62 0.363
431 0.394 0.953 0.794 0.184
432 0.288 0.044 0.256 0.612
433 0.79 0.019 0.666 0.54
434 0.08 0.937 0.215 0.243
435 0.065 0.751 0.06 0.292
436 0.909 0.837 0.128 0.528
437 0.432 0.922 0.153 0.226
438 0.353 0.515 0.15 0.61
439 0.931 0.4 0.146 0.597
440 0.234 0.677 0.876 0.449
441 0.089 0.514 0.672 0.149
442 0.029 0.058 0.644 0.157
443 0.844 0.588 0.509 0.996
444 0.615 0.35 0.329 0.765
445 0.456 0.696 0.359 0.602
446 0.299 0.836 0.97 0.175
447 0.891 0.264 0.799 0.563
448 0.606 0.591 0.472 0.25
449 0.058 0.093 0.336 0.567
450 0.151 0.182 0.44 0.48
451 0.399 0.936 0.642 0.759
452 0.935 0.057 0.374 0.906
453 0.659 0.797 0.497 0.458
454 0.91 0.064 0.95 0.382
455 0.698 0.44 0.407 0.034
456 0.497 0.185 0.189 0.936
457 0.135 0.336 0.6 0.777
458 0.138 0.713 0.152 0.512
459 0.384 0.171 0.416 0.881
460 0.775 0.791 0.693 0.725
461 0.006 0.424 0.613 0.413
462 0.621 0.91 0.642 0.81
463 0.307 0.945 0.182 0.907
464 0.277 0.045 0.435 0.429
465 0.054 0.813 0.729 0.47
466 0.359 0.245 0.484 0.052
467 0.657 0.058 0.394 0.27
468 0.851 0.891 0.381 0.494
469 0.227 0.8 0.645 0.41
470 0.367 0.686 0.753 0.802
471 0.31 0.856 0.927 0.039
472 0.621 0.398 0.571 0.105
473 0.541 0.761 0.508 0.935
474 0.979 0.786 0.922 0.36
475 0.622 0.588 0.08 0.267
476 0.787 0.634 0.684 0.54
477 0.798 0.85 0.293 0.726
478 0.619 0.346 0.287 0.189
479 0.737 0.73 0.212 0.245
480 0.244 0.224 0.451 0.166
481 0.73 0.789 0.172 0.81
482 0.17 0.597 0.69 0.854
483 0.127 0.652 0.987 0.42
484 0.876 0.038 0.724 0.164
485 0.175 0.901 0.958 0.387
486 0.622 0.631 0.371 0.073
487 0.955 0.804 0.586 0.128
488 0.642 0.298 0.212 0.332
489 0.349 0.459 0.803 0.336
490 0.181 0.212 0.917 0.905
491 0.145 0.08 0.277 0.103
492 0.424 0.725 0.099 0.794
493 0.896 0.749 0.602 0.482
494 0.216 0.125 0.175 0.428
495 0.326 0.777 0.916 0.129
496 0.796 0.309 0.325 0.713
497 0.701 0.858 0.294 0.979
498 0.762 0.402 0.686 0.86
499 0.484 0.757 0.946 0.086
500 0.823 0.303 0.364 0.997
501 0.821 0.323 0.507 0.737
502 0.62 0.533 0.761 0.945
503 0.975 0.646 0.104 0.269
504 0.064 0.031 0.026 0.75
505 0.223 0.234 0.648 0.169
506 0.887 0.991 0.623 0.25
507 0.354 0.071 0.312 0.861
508 0.763 0.481 0.341 0.524
509 0.586 0.499 0.071 0.69
510 0.695 0.754 0.799 0.722
511 0.69 0.945 0.738 0.338
512 0.058 0.225 0.105 0.681
513 0.093 0.035 0.546 0.405
514 0.355 0.168 0.376 0.695
515 0.802 0.282 0.192 0.873
516 0.96 0.569 0.726 0.759
517 0.229 0.449 0.235 0.967
518 0.349 0.025 0.012 0.453
519 0.487 0.547 0.74 0.034
520 0.636 0.388 0.12 0.012
521 0.812 0.814 0.365 0.004
522 0.337 0.964 0.256 0.062
523 0.546 0.292 0.172 0.782
524 0.96 0.13 0.283 0.972
525 0.989 0.459 0.13 0.73
526 0.082 0.366 0.881 0.202
527 0.965 0.014 0.192 0.33
528 0.88 0.667 0.981 0.136
529 0.704 0.682 0.021 0.876
530 0.279 0.836 0.594 0.563
531 0.178 0.552 0.267 0.308
532 0.76 0.39 0.648 0.641
533 0.026 0.606 0.605 0.218
534 0.623 0.098 0.602 0.604
535 0.331 0.308 0.916 0.352
536 0.379 0.631 0.02 0.974
537 0.828 0.151 0.746 0.095
538 0.028 0.855 0.85 0.675
539 0.441 0.701 0.101 0.047
540 0.037 0.669 0.017 0.639
541 0.251 0.97 0.581 0.166
542 0.765 0.546 0.954 0.786
543 0.148 0.613 0.671 0.893
544 0.13 0.921 0.563 0.98
545 0.058 0.421 0.297 0.159
546 0.217 0.196 0.138 0.234
547 0.411 0.485 0.805 0.992
548 0.128 0.757 0.197 0.082
549 0.717 0.229 0.156 0.387
550 0.865 0.518 0.044 0.427
551 0.64 0.486 0.919 0.938
552 0.387 0.155 0.841 0.525
553 0.676 0.936 0.874 0.482
554 0.525 0.61 0.685 0.722
555 0.228 0.439 0.921 0.384
556 0.043 0.249 0.344 0.087
557 0.842 0.728 0.162 0.761
558 0.807 0.149 0.82 0.648
559 0.209 0.324 0.609 0.082
560 0.537 0.607 0.416 0.222
561 0.107 0.45 0.769 0.028
562 0.595 0.071 0.083 0.939
563 0.759 0.782 0.886 0.921
564 0.552 0.728 0.692 0.372
565 0.365 0.581 0.701 0.975
566 0.507 0.512 0.27 0.922
567 0.6 0.03 0.185 0.369
568 0.019 0.964 0.129 0.102
569 0.288 0.862 0.685 0.174
570 0.228 0.726 0.511 0.919
571 0.888 0.285 0.678 0.588
572 0.341 0.095 0.772 0.612
573 0.506 0.211 0.047 0.691
574 0.104 0.71 0.544 0.233
575 0.447 0.521 0.674 0.132
576 0.457 0.359 0.42 0.969
577 0.518 0.856 0.564 0.196
578 0.824 0.538 0.539 0.596
579 0.557 0.102 0.361 0.604
580 0.941 0.708 0.503 0.485
581 0.316 0.932 0.462 0.99
582 0.156 0.447 0.423 0.577
583 0.702 0.095 0.272 0.265
584 0.716 0.089 0.829 0.256
585 0.978 0.813 0.787 0.339
586 0.58 0.28 0.124 0.083
587 0.066 0.399 0.696 0.528
588 0.759 0.684 0.836 0.182
589 0.252 0.884 0.356 0.524
590 0.647 0.241 0.238 0.476
591 0.922 0.455 0.309 0.709
592 0.726 0.289 0.073 0.85
593 0.837 0.916 0.771 0.533
594 0.16 0.293 0.127 0.997
595 0.388 0.249 0.359 0.744
596 0.508 0.391 0.014 0.746
597 0.511 0.668 0.322 0.82
598 0.115 0.546 0.666 0.188
599 0.038 0.026 0.312 0.809
600 0.755 0.97 0.852 0.883
601 0.327 0.271 0.215 0.686
602 0.988 0.194 0.406 0.002
603 0.273 0.513 0.608 0.595
604 0.985 0.711 0.879 0.652
605 0.275 0.69 0.925 0.587
606 0.484 0.342 0.469 0.335
607 0.435 0.662 0.495 0.65
608 0.51 0.638 0.541 0.916
609 0.481 0.189 0.153 0.089
610 0.486 0.074 0.495 0.364
611 0.395 0.639 0.415 0.319
612 0.915 0.803 0.567 0.384
613 0.792 0.819 0.801 0.287
614 0.149 0.797 0.107 0.69
615 0.747 0.171 0.902 0.9
616 0.687 0.386 0.333 0.182
617 0.058 0.577 0.389 0.474
618 0.614 0.388 0.699 0.181
619 0.838 0.973 0.591 0.639
620 0.06 0.787 0.057 0.166
621 0.77 0.914 0.648 0.672
622 0.907 0.359 0.199 0.24
623 0.949 0.298 0.119 0.338
624 0.015 0.952 0.16 0.715
625 0.932 0.552 0.106 0.522
626 0.366 0.582 0.978 0.424
627 0.455 0.194 0.662 0.103
628 0.475 0.01 0.226 0.675
629 0.768 0.624 0.548 0.886
630 0.32 0.902 0.913 0.48
631 0.046 0.412 0.169 0.153
632 0.36 0.519 0.516 0.338
633 0.265 0.794 0.136 0.927
634 0.003 0.402 0.907 0.228
635 0.157 0.996 0.7 0.706
636 0.661 0.026 0.784 0.574
637 0.4 0.62 0.917 0.569
638 0.851 0.929 0.292 0.368
639 0.235 0.632 0.061 0.371
640 0.958 0.374 0.961 0.865
641 0.037 0.023 0.597 0.737
642 0.48 0.399 0.754 0.263
643 0.26 0.664 0.593 0.177
644 0.366 0.028 0.161 0.658
645 0.429 0.893 0.028 0.489
646 0.587 0.447 0.637 0.547
647 0.239 0.585 0.335 0.836
648 0.063 0.316 0.72 0.817
649 0.693 0.077 0.243 0.286
650 0.475 0.652 0.282 0.637
651 0.678 0.065 0.203 0.707
652 0.466 0.293 0.002 0.104
653 0.314 0.343 0.425 0.649
654 0.747 0.712 0.495 0.468
655 0.074 0.161 0.606 0.316
656 0.86 0.792 0.099 0.142
657 0.41 0.82 0.494 0.613
658 0.048 0.079 0.82 0.05
659 0.661 0.364 0.525 0.087
660 0.704 0.834 0.725 0.199
661 0.254 0.272 0.463 0.86
662 0.91 0.72 0.381 0.01
663 0.809 0.419 0.682 0.303
664 0.209 0.351 0.111 0.03
665 0.294 0.691 0.766 0.819
666 0.779 0.523 0.612 0.504
667 0.914 0.758 0.994 0.377
668 0.583 0.287 0.338 0.963
669 0.2 0.772 0.716 0.883
670 0.748 0.092 0.426 0.859
671 0.828 0.153 0.813 0.594
672 0.59 0.373 0.495 0.202
673 0.217 0.116 0.635 0.211
674 0.254 0.793 0.78 0.592
675 0.077 0.792 0.529 0.793
676 0.604 0.541 0.767 0.03
677 0.889 0.858 0.553 0.701
678 0.525 0.292 0.824 0.02
679 0.701 0.237 0.61 0.337
680 0.104 0.59 0.241 0.884
681 0.998 0.96 0.975 0.527
682 0.65 0.131 0.294 0.417
683 0.694 0.306 0.019 0.247
684 0.471 0.772 0.299 0.295
685 0.793 0.996 0.029 0.403
686 0.477 0.507 0.923 0.718
687 0.106 0.716 0.351 0.081
688 0.104 0.731 0.374 0.397
689 0.535 0.091 0.454 0.554
690 0.46 0.024 0.11 0.759
691 0.902 0.552 0.315 0.931
692 0.648 0.407 0.461 0.571
693 0.851 0.677 0.841 0.202
694 0.084 0.305 0.488 0.457
695 0.636 0.992 0.794 0.09
696 0.132 0.55 0.57 0.242
697 0.889 0.144 0.861 0.204
698 0.815 0.852 0.481 0.276
699 0.606 0.128 0.1 0.447
700 0.857 0.531 0.635 0.345
701 0.338 0.981 0.98 0.132
702 0.525 0.264 0.621 0.095
703 0.93 0.984 0.65 0.791
704 0.724 0.606 0.04 0.205
705 0.463 0.812 0.01 0.563
706 0.34 0.42 0.79 0.975
707 0.778 0.313 0.746 0.757
708 0.817 0.282 0.709 0.438
709 0.215 0.368 0.36 0.865
710 0.548 0.589 0.766 0.589
711 0.648 0.052 0.606 0.658
712 0.865 0.998 0.035 0.655
713 0.8 0.433 0.285 0.546
714 0.73 0.364 0.472 0.439
715 0.849 0.655 0.171 0.209
716 0.33 0.758 0.109 0.095
717 0.904 0.744 0.398 0.51
718 0.013 0.376 0.4 0.048
719 0.373 0.848 0.463 0.658
720 0.653 0.389 0.758 0.125
721 0.56 0.973 0.483 0.731
722 0.003 0.061 0.94 0.112
723 0.286 0.016 0.9 0.684
724 0.302 0.697 0.902 0.702
725 0.933 0.074 0.593 0.396
726 0.987 0.049 0.121 0.745
727 0.949 0.305 0.147 0.432
728 0.329 0.434 0.097 0.269
729 0.253 0.555 0.562 0.153
730 0.089 0.454 0.937 0.991
731 0.682 0.923 0.23 0.275
732 0.963 0.262 0.368 0.084
733 0.541 0.033 0.312 0.688
734 0.348 0.018 0.899 0.445
735 0.446 0.698 0.842 0.008
736 0.082 0.097 0.305 0.018
737 0.461 0.7 0.011 0.691
738 0.33 0.654 0.236 0.698
739 0.243 0.24 0.771 0.556
740 0.236 0.904 0.946 0.135
741 0.232 0.581 0.048 0.075
742 0.899 0.156 0.686 0.204
743 0.773 0.665 0.875 0.784
744 0.85 0.115 0.01 0.086
745 0.747 0.329 0.053 0.519
746 0.981 0.754 0.789 0.927
747 0.139 0.159 0.47 0.186
748 0.059 0.085 0.39 0.744
749 0.565 0.518 0.954 0.44
750 0.309 0.29 0.417 0.319
751 0.23 0.066 0.705 0.283
752 0.59 0.265 0.339 0.379
753 0.229 0.518 0.351 0.699
754 0.585 0.757 0.789 0.975
755 0.078 0.541 0.019 0.032
756 0.321 0.341 0.271 0.738
757 0.646 0.968 0.726 0.352
758 0.311 0.942 0.515 0.65
759 0.707 0.879 0.839 0.058
760 0.544 0.643 0.335 0.333
761 0.836 0.412 0.159 0.855
762 0.14 0.176 0.785 0.41
763 0.445 0.057 0.882 0.172
764 0.133 0.483 0.35 0.648
765 0.672 0.355 0.012 0.511
766 0.59 0.055 0.056 0.925
767 0.674 0.761 0.8 0.833
768 0.244 0.973 0.793 0.029
769 0.707 0.474 0.44 0.589
770 0.848 0.722 0.128 0.198
771 0.262 0.87 0.726 0.274
772 0.139 0.864 0.436 0.195
773 0.825 0.869 0.55 0.625
774 0.167 0.869 0.675 0.96
775 0.058 0.668 0.373 0.497
776 0.018 0.345 0.979 0.147
777 0.349 0.408 0.413 0.075
778 0.795 0.213 0.546 0.231
779 0.335 0.056 0.277 0.885
780 0.979 0.052 0.551 0.653
781 0.449 0.711 0.68 0.822
782 0.937 0.84 0.553 0.915
783 0.096 0.265 0.395 0.51
784 0.078 0.304 0.553 0.624
785 0.961 0.959 0.592 0.238
786 0.273 0.216 0.896 0.824
787 0.908 0.273 0.58 0.588
788 0.787 0.525 0.935 0.34
789 0.921 0.437 0.705 0.317
790 0.044 0.394 0.251 0.597
791 0.786 0.558 0.977 0.378
792 0.821 0.651 0.012 0.717
793 0.881 0.625 0.747 0.46
794 0.842 0.248 0.738 0.776
795 0.178 0.697 0.025 0.882
796 0.971 0.927 0.408 0.221
797 0.426 0.008 0.082 0.403
798 0.877 0.223 0.036 0.889
799 0.51 0.769 0.565 0.257
800 0.778 0.098 0.478 0.516
801 0.066 0.693 0.572 0.09
802 0.586 0.061 0.502 0.994
803 0.026 0.42 0.29 0.108
804 0.675 0.985 0.046 0.711
805 0.986 0.221 0.643 0.551
806 0.873 0.329 0.576 0.351
807 0.45 0.416 0.537 0.022
808 0.113 0.608 0.568 0.615
809 0.851 0.641 0.022 0.141
810 0.845 0.816 0.734 0.89
811 0.608 0.876 0.748 0.251
812 0.226 0.124 0.755 0.802
813 0.599 0.252 0.892 0.137
814 0.398 0.249 0.883 0.966
815 0.485 0.817 0.505 0.507
816 0.254 0.352 0.774 0.988
817 0.301 0.596 0.118 0.049
818 0.545 0.275 0.971 0.3
819 0.446 0.9 0.328 0.338
820 0.603 0.736 0.286 0.486
821 0.15 0.971 0.52 0.655
822 0.478 0.909 0.83 0.252
823 0.072 0.553 0.493 0.19
824 0.34 0.735 0.876 0.311
825 0.953 0.757 0.935 0.281
826 0.971 0.884 0.831 0.257
827 0.534 0.407 0.34 0.054
828 0.818 0.532 0.971 0.647
829 0.869 0.719 0.336 0.362
830 0.938 0.701 0.645 0.814
831 0.68 0.767 0.77 0.615
832 0.865 0.587 0.931 0.696
833 0.301 0.23 0.25 0.64
834 0.312 0.458 0.816 0.284
835 0.599 0.152 0.825 0.935
836 0.734 0.873 0.215 0.379
837 0.228 0.059 0.453 0.997
838 0.501 0.862 0.261 0.433
839 0.105 0.733 0.789 0.355
840 0.073 0.668 0.832 0.889
841 0.937 0.488 0.104 0.762
842 0.618 0.496 0.295 0.833
843 0.982 0.06 0.934 0.435
844 0.608 0.936 0.92 0.869
845 0.478 0.974 0.102 0.267
846 0.476 0.34 0.997 0.308
847 0.948 0.245 0.716 0.052
848 0.138 0.67 0.503 0.433
849 0.378 0.415 0.563 0.311
850 0.621 0.92 0.787 0.54
851 0.156 0.019 0.763 0.258
852 0.092 0.734 0.625 0.089
853 0.853 0.037 0.286 0.569
854 0.293 0.707 0.759 0.796
855 0.261 0.173 0.556 0.824
856 0.406 0.445 0.404 0.193
857 0.193 0.348 0.004 0.956
858 0.289 0.049 0.34 0.914
859 0.381 0.767 0.175 0.667
860 0.264 0.96 0.044 0.023
861 0.184 0.284 0.929 0.74
862 0.413 0.146 0.552 0.818
863 0.537 0.011 0.687 0.541
864 0.293 0.83 0.016 0.633
865 0.153 0.014 0.511 0.328
866 0.847 0.592 0.642 0.891
867 0.397 0.075 0.898 0.326
868 0.006 0.74 0.961 0.558
869 0.299 0.095 0.568 0.986
870 0.535 0.279 0.466 0.551
871 0.21 0.704 0.926 0.721
872 0.607 0.568 0.624 0.249
873 0.238 0.647 0.535 0.136
874 0.35 0.141 0.713 0.31
875 0.27 0.609 0.795 0.838
876 0.431 0.373 0.874 0.897
877 0.785 0.106 0.627 0.711
878 0.659 0.318 0.395 0.283
879 0.855 0.52 0.214 0.389
880 0.187 0.739 0.798 0.9
881 0.497 0.169 0.659 0.292
882 0.254 0.722 0.38 0.128
883 0.303 0.913 0.725 0.93
884 0.552 0.589 0.942 0.947
885 0.51 0.802 0.392 0.724
886 0.048 0.911 0.931 0.846
887 0.981 0.343 0.98 0.64
888 0.987 0.894 0.356 0.366
889 0.975 0.669 0.935 0.7
890 0.559 0.252 0.189 0.501
891 0.06 0.011 0.002 0.452
892 0.194 0.501 0.646 0.125
893 0.457 0.105 0.689 0.437
894 0.323 0.424 0.639 0.68
895 0.661 0.655 0.459 0.596
896 0.059 0.154 0.608 0.248
897 0.807 0.308 0.667 0.81
898 0.402 0.004 0.261 0.048
899 0.607 0.505 0.234 0.296
900 0.979 0.619 0.366 0.618
901 0.156 0.279 0.954 0.615
902 0.309 0.674 0.029 0.916
903 0.685 0.724 0.23 0.351
904 0.99 0.753 0.537 0.251
905 0.665 0.859 0.307 0.899
906 0.249 0.878 0.774 0.615
907 0.073 0.771 0.775 0.027
908 0.65 0.335 0.061 0.679
909 0.982 0.363 0.975 0.212
910 0.509 0.203 0.468 0.046
911 0.27 0.711 0.313 0.577
912 0.467 0.826 0.489 0.242
913 0.986 0.315 0.212 0.761
914 0.598 0.411 0.677 0.658
915 0.928 0.641 0.453 0.904
916 0.168 0.413 0.056 0.636
917 0.51 0.906 0.17 0.823
918 0.781 0.29 0.308 0.27
919 0.749 0.256 0.846 0.961
920 0.187 0.559 0.428 0.864
921 0.518 0.793 0.858 0.971
922 0.711 0.139 0.109 0.767
923 0.568 0.277 0.68 0.738
924 0.162 0.519 0.39 0.471
925 0.922 0.22 0.046 0.768
926 0.063 0.956 0.74 0.491
927 0.957 0.009 0.612 0.815
928 0.309 0.526 0.119 0.418
929 0.894 0.986 0.57 0.574
930 0.67 0.736 0.244 0.061
931 0.033 0.983 0.427 0.079
932 0.607 0.142 0.706 0.347
933 0.526 0.304 0.643 0.138
934 0.624 0.447 0.644 0.743
935 0.937 0.637 0.85 0.507
936 0.575 0.178 0.947 0.818
937 0.153 0.852 0.221 0.58
938 0.972 0.188 0.073 0.678
939 0.707 0.204 0.838 0.35
940 0.957 0.973 0.789 0.601
941 0.654 0.538 0.353 0.504
942 0.564 0.079 0.223 0.511
943 0.461 0.664 0.749 0.683
944 0.68 0.655 0.432 0.753
945 0.966 0.46 0.538 0.805
946 0.88 0.761 0.783 0.67
947 0.5 0.323 0.899 0.853
948 0.944 0.417 0.905 0.167
949 0.802 0.628 0.592 0.551
950 0.836 0.231 0.966 0.268
951 0.3 0.234 0.443 0.838
952 0.253 0.718 0.8 0.036
953 0.162 0.535 0.711 0.061
954 0.538 0.005 0.805 0.443
955 0.733 0.245 0.801 0.325
956 0.112 0.161 0.027 0.078
957 0.011 0.378 0.664 0.454
958 0.703 0.707 0.933 0.503
959 0.321 0.665 0.278 0.032
960 0.667 0.569 0.732 0.472
961 0.904 0.205 0.257 0.705
962 0.054 0.817 0.692 0.081
963 0.121 0.092 0.272 0.785
964 0.488 0.488 0.253 0.421
965 0.996 0.742 0.657 0.274
966 0.384 0.941 0.343 0.116
967 0.355 0.02 0.618 0.612
968 0.148 0.666 0.541 0.84
969 0.436 0.961 0.838 0.708
970 0.384 0.196 0.235 0.637
971 0.227 0.633 0.359 0.884
972 0.132 0.268 0.848 0.475
973 0.26 0.83 0.403 0.878
974 0.127 0.026 0.107 0.668
975 0.854 0.104 0.827 0.693
976 0.574 0.077 0.007 0.808
977 0.624 0.035 0.347 0.983
978 0.254 0.115 0.187 0.102
979 0.57 0.362 0.419 0.973
980 0.861 0.101 0.266 0.968
981 0.132 0.822 0.873 0.959
982 0.685 0.532 0.592 0.692
983 0.306 0.316 0.376 0.653
984 0.295 0.907 0.414 0.482
985 0.004 0.052 0.37 0.423
986 0.61 0.284 0.127 0.875
987 0.896 0.007 0.074 0.769
988 0.589 0.454 0.498 0.181
989 0.839 0.486 0.463 0.215
990 0.762 0.51 0.046 0.176
991 0.054 0.179 0.044 0.424
992 0.07 0.034 0.887 0.196
993 0.139 0.092 0.916 0.213
994 0.882 0.802 0.316 0.38
995 0.462 0.219 0.469 0.925
996 0.608 0.686 0.944 0.654
997 0.936 0.708 0.041 0.98
998 0.644 0.049 0.165 0.531
999 0.074 0.669 0.338 0.991
1000 0.2 0.873 0.684 0.515
;